Starting preprocessing of the model file ...
WARNING: attempt2.mod:120.13-21: dr_algo option is now deprecated, and may be removed in a future version of Dynare
Found 17 equation(s).
Evaluating expressions...done
Computing static model derivatives (order 1).
Computing dynamic model derivatives (order 1).
Processing outputs ...
done
Preprocessing completed.
[Warning: Some of the parameters have no value (j, OMEGA) when using steady. If these parameters are not initialized in a
steadystate file or a steady_state_model-block, Dynare may not be able to solve the model...] 

STEADY-STATE RESULTS:

Cu 		 -0.622983
Cc 		 -0.651748
Lu 		 0.045632
Lc 		 0.074113
R  		 -0.0257342
bc 		 1.38882
Hu 		 -0.633031
Hc 		 -0.757108
q  		 2.26134
Wu 		 -0.622526
Wc 		 -0.651007
dp 		 -0.0357845
Y  		 0.0558852
C  		 0.0558852
x  		 0.186492
J  		 0.095
A  		 9.61968e-17
[Warning: Some of the parameters have no value (j, OMEGA) when using stoch_simul. If these parameters are not initialized in a
steadystate file or a steady_state_model-block, Dynare may not be able to solve the model...] 

MODEL SUMMARY

  Number of variables:         17
  Number of stochastic shocks: 3
  Number of state variables:   3
  Number of jumpers:           4
  Number of static variables:  10


MATRIX OF COVARIANCE OF EXOGENOUS SHOCKS
Variables              e            u        n_inf
e           10000.000000     0.000000     0.000000
u               0.000000     0.000008     0.000000
n_inf           0.000000     0.000000     1.000000

POLICY AND TRANSITION FUNCTIONS
                                   Y               C              dp               R              Cu              Cc              Hu              Hc               q
Constant                    0.055885        0.055885       -0.035785       -0.025734       -0.622983       -0.651748       -0.633031       -0.757108        2.261340
R(-1)                      -3.181809       -3.181809       -0.348416        0.377294        0.075205       -6.533873       10.799953      -12.226669       -0.315178
bc(-1)                     -0.521795       -0.521795       -0.015705       -0.056891        0.499454       -1.572848        3.713290       -4.203829        0.379343
Hc(-1)                      0.579773        0.579773        0.017450        0.063212       -0.554949        1.747609       -4.125877        4.670922       -0.421492
e                           0.029839        0.029839        0.000700        0.003194       -0.004046        0.064714        0.042454       -0.048062       -0.110973
u                          -0.006684       -0.006684       -0.000836        0.001091       -0.001066       -0.012465        0.017806       -0.020158       -0.001745
n_inf                      -0.475710       -0.475710        0.890938        0.219710       -0.658547       -0.287536       -1.055791        1.195265       -0.639788


THEORETICAL MOMENTS
VARIABLE         MEAN  STD. DEV.   VARIANCE
Y              0.0559     3.2827    10.7761
C              0.0559     3.2827    10.7761
dp            -0.0358     0.9055     0.8200
R             -0.0257     0.4402     0.1937
Cu            -0.6230     1.0081     1.0163
Cc            -0.6517     7.0468    49.6568
Hu            -0.6330     6.8347    46.7132
Hc            -0.7571     7.7376    59.8703
q              2.2613    11.1305   123.8874



VARIANCE DECOMPOSITION (in percent)
           e       u   n_inf
Y      96.66    0.00    3.34
C      96.66    0.00    3.34
dp      2.44    0.00   97.56
R      62.69    0.00   37.31
Cu     37.41    0.00   62.59
Cc     99.67    0.00    0.33
Hu     96.83    0.00    3.17
Hc     96.83    0.00    3.17
q      99.51    0.00    0.49



MATRIX OF CORRELATIONS
Variables         Y       C      dp       R      Cu      Cc      Hu      Hc       q
Y            1.0000  1.0000 -0.0138  0.4648 -0.3045  0.9901  0.3247 -0.3247 -0.8953
C            1.0000  1.0000 -0.0138  0.4648 -0.3045  0.9901  0.3247 -0.3247 -0.8953
dp          -0.0138 -0.0138  1.0000  0.4789 -0.6486  0.0824 -0.1819  0.1819 -0.1295
R            0.4648  0.4648  0.4789  1.0000 -0.8156  0.5594  0.4511 -0.4511 -0.7724
Cu          -0.3045 -0.3045 -0.6486 -0.8156  1.0000 -0.4351  0.1485 -0.1485  0.4695
Cc           0.9901  0.9901  0.0824  0.5594 -0.4351  1.0000  0.2851 -0.2851 -0.9154
Hu           0.3247  0.3247 -0.1819  0.4511  0.1485  0.2851  1.0000 -1.0000 -0.5959
Hc          -0.3247 -0.3247  0.1819 -0.4511 -0.1485 -0.2851 -1.0000  1.0000  0.5959
q           -0.8953 -0.8953 -0.1295 -0.7724  0.4695 -0.9154 -0.5959  0.5959  1.0000



COEFFICIENTS OF AUTOCORRELATION
Order          1       2       3       4       5
Y        -0.1830 -0.1040 -0.0581 -0.0318 -0.0169
C        -0.1830 -0.1040 -0.0581 -0.0318 -0.0169
dp       -0.0673 -0.0400 -0.0236 -0.0138 -0.0080
R         0.4473  0.1652  0.0299 -0.0281 -0.0473
Cu        0.5376  0.2789  0.1373  0.0619  0.0233
Cc       -0.1706 -0.1120 -0.0731 -0.0475 -0.0307
Hu        0.7657  0.5665  0.4087  0.2893  0.2017
Hc        0.7657  0.5665  0.4087  0.2893  0.2017
q         0.0125 -0.0070 -0.0138 -0.0146 -0.0129
Total computing time : 0h00m03s
Note: 1 warning(s) encountered in the preprocessor
Note: warning(s) encountered in MATLAB/Octave code
