Starting preprocessing of the model file ...
Found 17 equation(s).
Evaluating expressions...done
Computing static model derivatives (order 1).
Computing dynamic model derivatives (order 1).
Processing outputs ...
done
Preprocessing completed.
[Warning: Some of the parameters have no value (j, OMEGA) when using steady. If these parameters are not initialized in a steadystate file or a steady_state_model-block, Dynare may not be able to solve the model...] 

STEADY-STATE RESULTS:

Cu 		 -0.625048
Cc 		 -0.648306
Lu 		 0.0482479
Lc 		 0.0712756
R  		 -0.0263869
bc 		 1.35177
Hu 		 -0.627184
Hc 		 -0.763771
q  		 2.25343
Wu 		 -0.624565
Wc 		 -0.647593
dp 		 -0.0364372
Y  		 0.0565379
C  		 0.0565379
x  		 0.186568
J  		 0.095
A  		 0
[Warning: Some of the parameters have no value (j, OMEGA) when using stoch_simul. If these parameters are not initialized in a steadystate file or a steady_state_model-block, Dynare may not be able to solve the model...] 

MODEL SUMMARY

  Number of variables:         17
  Number of stochastic shocks: 4
  Number of state variables:   4
  Number of jumpers:           4
  Number of static variables:  9


MATRIX OF COVARIANCE OF EXOGENOUS SHOCKS
Variables              e            u        n_inf       e_prod
e           10000.000000     0.000000     0.000000     0.000000
u               0.000000     0.000008     0.000000     0.000000
n_inf           0.000000     0.000000     1.000000     0.000000
e_prod          0.000000     0.000000     0.000000     0.002500

POLICY AND TRANSITION FUNCTIONS
                                   Y               C              dp              Cu              Cc              Hu              Hc               q               A               R              bc               J
Constant                    0.056538        0.056538       -0.036437       -0.625048       -0.648306       -0.627184       -0.763771        2.253428               0       -0.026387        1.351773        0.095000
R(-1)                      -2.892811       -2.892811       -0.329912       -0.035127       -5.817739        9.610338      -11.016852       -0.433005               0        0.411745      -11.356801               0
bc(-1)                     -0.422377       -0.422377       -0.009838        0.463163       -1.328755        3.274789       -3.754068        0.341859               0       -0.045189       -3.380356               0
Hc(-1)                      0.479974        0.479974        0.011180       -0.526322        1.509948       -3.721351        4.265987       -0.388476               0        0.051351        3.841314               0
A(-1)                       0.024405        0.024405        0.011762        0.184684       -0.139645       -0.412975        0.473416        0.147798        0.800000        0.005969        0.616669               0
e                          -0.031525       -0.031525       -0.000783        0.004548       -0.068447       -0.038923        0.044620        0.111555               0       -0.003388        0.050536        1.000000
u                          -0.006207       -0.006207       -0.000804       -0.001252       -0.011279        0.015919       -0.018248       -0.001947               0        0.001148       -0.020041               0
n_inf                      -0.504036       -0.504036        0.889811       -0.650022       -0.354614       -0.898958        1.030525       -0.632432               0        0.216540        0.389189               0
e_prod                      0.030507        0.030507        0.014702        0.230855       -0.174556       -0.516219        0.591769        0.184747        1.000000        0.007461        0.770837               0


THEORETICAL MOMENTS
VARIABLE         MEAN  STD. DEV.   VARIANCE
Y              0.0565     3.4345    11.7961
C              0.0565     3.4345    11.7961
dp            -0.0364     0.9053     0.8195
Cu            -0.6250     1.0432     1.0884
Cc            -0.6483     7.3798    54.4621
Hu            -0.6272     6.6593    44.3466
Hc            -0.7638     7.6339    58.2771
q              2.2534    11.1890   125.1936
A              0.0000     0.0833     0.0069
R             -0.0264     0.4576     0.2094
bc             1.3518     7.7625    60.2566
J              0.0950   100.0000 10000.0000



VARIANCE DECOMPOSITION (in percent)
           e       u   n_inf  e_prod
Y      96.71    0.00    3.29    0.00
C      96.71    0.00    3.29    0.00
dp      2.64    0.00   97.35    0.00
Cu     42.77    0.00   57.14    0.09
Cc     99.62    0.00    0.38    0.00
Hu     97.47    0.00    2.52    0.01
Hc     97.47    0.00    2.52    0.01
q      99.53    0.00    0.47    0.00
A       0.00    0.00    0.00  100.00
R      66.65    0.00   33.34    0.00
bc     99.67    0.00    0.32    0.01
J     100.00    0.00    0.00    0.00



MATRIX OF CORRELATIONS
Variables         Y       C      dp      Cu      Cc      Hu      Hc       q       A       R      bc       J
Y            1.0000  1.0000 -0.0093 -0.3383  0.9907  0.3015 -0.3015 -0.9034 -0.0015  0.4827 -0.3515 -0.9179
C            1.0000  1.0000 -0.0093 -0.3383  0.9907  0.3015 -0.3015 -0.9034 -0.0015  0.4827 -0.3515 -0.9179
dp          -0.0093 -0.0093  1.0000 -0.6231  0.0814 -0.1617  0.1617 -0.1373  0.0013  0.4571  0.0771 -0.0865
Cu          -0.3383 -0.3383 -0.6231  1.0000 -0.4633  0.1443 -0.1443  0.5026  0.0279 -0.8024 -0.0074  0.4359
Cc           0.9907  0.9907  0.0814 -0.4633  1.0000  0.2631 -0.2631 -0.9235 -0.0055  0.5707 -0.3300 -0.9275
Hu           0.3015  0.3015 -0.1617  0.1443  0.2631  1.0000 -1.0000 -0.5606  0.0034  0.4743 -0.9906 -0.5845
Hc          -0.3015 -0.3015  0.1617 -0.1443 -0.2631 -1.0000  1.0000  0.5606 -0.0034 -0.4743  0.9906  0.5845
q           -0.9034 -0.9034 -0.1373  0.5026 -0.9235 -0.5606  0.5606  1.0000  0.0020 -0.7851  0.6361  0.9970
A           -0.0015 -0.0015  0.0013  0.0279 -0.0055  0.0034 -0.0034  0.0020  1.0000 -0.0011 -0.0004  0.0000
R            0.4827  0.4827  0.4571 -0.8024  0.5707  0.4743 -0.4743 -0.7851 -0.0011  1.0000 -0.5904 -0.7402
bc          -0.3515 -0.3515  0.0771 -0.0074 -0.3300 -0.9906  0.9906  0.6361 -0.0004 -0.5904  1.0000  0.6510
J           -0.9179 -0.9179 -0.0865  0.4359 -0.9275 -0.5845  0.5845  0.9970  0.0000 -0.7402  0.6510  1.0000



COEFFICIENTS OF AUTOCORRELATION
Order          1       2       3       4       5
Y        -0.1721 -0.1002 -0.0581 -0.0336 -0.0194
C        -0.1721 -0.1002 -0.0581 -0.0336 -0.0194
dp       -0.0675 -0.0395 -0.0231 -0.0135 -0.0079
Cu        0.5431  0.2875  0.1465  0.0701  0.0299
Cc       -0.1556 -0.1048 -0.0711 -0.0485 -0.0333
Hu        0.7979  0.6180  0.4689  0.3506  0.2592
Hc        0.7979  0.6180  0.4689  0.3506  0.2592
q         0.0162 -0.0049 -0.0131 -0.0149 -0.0139
A         0.8000  0.6400  0.5120  0.4096  0.3277
R         0.4580  0.1770  0.0386 -0.0238 -0.0469
bc        0.7570  0.5650  0.4172  0.3055  0.2223
J         0.0000  0.0000  0.0000  0.0000  0.0000
Total computing time : 0h00m00s
Note: warning(s) encountered in MATLAB/Octave code
