Starting preprocessing of the model file ...
Found 17 equation(s).
Evaluating expressions...done
Computing static model derivatives (order 1).
Computing dynamic model derivatives (order 1).
Processing outputs ...
done
Preprocessing completed.
[Warning: Some of the parameters have no value (j, OMEGA) when using steady. If
these parameters are not initialized in a steadystate file or a
steady_state_model-block, Dynare may not be able to solve the model...] 

STEADY-STATE RESULTS:

Cu 		 -0.650825
Cc 		 -0.615445
Lu 		 0.0727796
Lc 		 0.03775
R  		 -0.0661192
bc 		 0.731979
Hu 		 -0.663631
Hc 		 -0.723561
q  		 2.2641
Wu 		 -0.650097
Wc 		 -0.615067
dp 		 -0.0761696
Y  		 0.0601689
C  		 0.0601689
x  		 0.191199
J  		 0.095
A  		 0
[Warning: Some of the parameters have no value (j, OMEGA) when using
stoch_simul. If these parameters are not initialized in a steadystate file or a
steady_state_model-block, Dynare may not be able to solve the model...] 

MODEL SUMMARY

  Number of variables:         17
  Number of stochastic shocks: 4
  Number of state variables:   4
  Number of jumpers:           4
  Number of static variables:  9


MATRIX OF COVARIANCE OF EXOGENOUS SHOCKS
Variables              e            u        n_inf       e_prod
e            2500.000000     0.000000     0.000000     0.000000
u               0.000000     7.840000     0.000000     0.000000
n_inf           0.000000     0.000000     1.000000     0.000000
e_prod          0.000000     0.000000     0.000000     0.002500

POLICY AND TRANSITION FUNCTIONS
                                   Y               C              dp              Cu              Cc              Hu              Hc               q               A               R              bc               J
Constant                    0.060169        0.060169       -0.076170       -0.650825       -0.615445       -0.663631       -0.723561        2.264098               0       -0.066119        0.731979        0.095000
R(-1)                      -1.471285       -1.471285       -0.156291       -0.588990       -2.322909        1.527183       -1.621506       -0.739111               0        0.517707       -2.346707               0
bc(-1)                     -0.053198       -0.053198        0.023446        0.226868       -0.323528        0.547617       -0.581439        0.180322               0       -0.001478       -0.396056               0
Hc(-1)                      0.118217        0.118217       -0.052101       -0.504152        0.718951       -1.216926        1.292087       -0.400715               0        0.003284        0.880125               0
A(-1)                       0.004673        0.004673        0.059410       -0.050136        0.057576       -0.047164        0.050077       -0.038883        0.800000        0.018570        0.010831               0
e                          -0.033633       -0.033633       -0.001037        0.009111       -0.074892       -0.010335        0.010973        0.115475               0       -0.005693        0.021092        1.000000
u                          -0.003563       -0.003563       -0.000452       -0.002050       -0.005024        0.002461       -0.002613       -0.002310               0        0.001304       -0.004901               0
n_inf                      -0.478585       -0.478585        0.909153       -0.532815       -0.426240       -0.180280        0.191414       -0.525109               0        0.196172       -0.335438               0
e_prod                      0.005841        0.005841        0.074262       -0.062670        0.071970       -0.058954        0.062596       -0.048604        1.000000        0.023213        0.013538               0


THEORETICAL MOMENTS
VARIABLE         MEAN  STD. DEV.   VARIANCE
Y              0.0602     1.8500     3.4224
C              0.0602     1.8500     3.4224
dp            -0.0762     0.9142     0.8357
Cu            -0.6508     0.8790     0.7727
Cc            -0.6154     3.9413    15.5342
Hu            -0.6636     1.4060     1.9769
Hc            -0.7236     1.4928     2.2286
q              2.2641     5.8175    33.8435
A              0.0000     0.0833     0.0069
R             -0.0661     0.4041     0.1633
bc             0.7320     1.6729     2.7987
J              0.0950    50.0000  2500.0000



VARIANCE DECOMPOSITION (in percent)
           e       u   n_inf  e_prod
Y      90.86    0.00    9.14    0.00
C      90.86    0.00    9.14    0.00
dp      0.68    0.00   99.31    0.00
Cu     47.40    0.01   52.57    0.02
Cc     98.46    0.00    1.53    0.00
Hu     96.67    0.02    3.30    0.01
Hc     96.67    0.02    3.30    0.01
q      98.84    0.00    1.16    0.00
A       0.00    0.00    0.00  100.00
R      67.51    0.01   32.47    0.01
bc     94.80    0.02    5.18    0.00
J     100.00    0.00    0.00    0.00



MATRIX OF CORRELATIONS
Variables         Y       C      dp      Cu      Cc      Hu      Hc       q       A       R      bc       J
Y            1.0000  1.0000 -0.1866 -0.2588  0.9781  0.1788 -0.1788 -0.8661 -0.0013  0.3488 -0.3102 -0.9090
C            1.0000  1.0000 -0.1866 -0.2588  0.9781  0.1788 -0.1788 -0.8661 -0.0013  0.3488 -0.3102 -0.9090
dp          -0.1866 -0.1866  1.0000 -0.5846 -0.0463 -0.0935  0.0935 -0.1391  0.0058  0.4865 -0.2224 -0.0567
Cu          -0.2588 -0.2588 -0.5846  1.0000 -0.4540  0.2049 -0.2049  0.6179 -0.0129 -0.8049  0.3371  0.5182
Cc           0.9781  0.9781 -0.0463 -0.4540  1.0000  0.1208 -0.1208 -0.9320  0.0016  0.4950 -0.3587 -0.9501
Hu           0.1788  0.1788 -0.0935  0.2049  0.1208  1.0000 -1.0000 -0.3232 -0.0084  0.4159 -0.8524 -0.3675
Hc          -0.1788 -0.1788  0.0935 -0.2049 -0.1208 -1.0000  1.0000  0.3232  0.0084 -0.4159  0.8524  0.3675
q           -0.8661 -0.8661 -0.1391  0.6179 -0.9320 -0.3232  0.3232  1.0000 -0.0017 -0.7701  0.6410  0.9925
A           -0.0013 -0.0013  0.0058 -0.0129  0.0016 -0.0084  0.0084 -0.0017  1.0000  0.0083  0.0017  0.0000
R            0.3488  0.3488  0.4865 -0.8049  0.4950  0.4159 -0.4159 -0.7701  0.0083  1.0000 -0.8300 -0.7043
bc          -0.3102 -0.3102 -0.2224  0.3371 -0.3587 -0.8524  0.8524  0.6410  0.0017 -0.8300  1.0000  0.6304
J           -0.9090 -0.9090 -0.0567  0.5182 -0.9501 -0.3675  0.3675  0.9925  0.0000 -0.7043  0.6304  1.0000



COEFFICIENTS OF AUTOCORRELATION
Order          1       2       3       4       5
Y        -0.1142 -0.0650 -0.0386 -0.0244 -0.0164
C        -0.1142 -0.0650 -0.0386 -0.0244 -0.0164
dp       -0.0511 -0.0269 -0.0142 -0.0076 -0.0041
Cu        0.5390  0.2963  0.1679  0.0993  0.0622
Cc       -0.1015 -0.0672 -0.0477 -0.0361 -0.0289
Hu        0.9193  0.8339  0.7507  0.6730  0.6018
Hc        0.9193  0.8339  0.7507  0.6730  0.6018
q         0.0395  0.0084 -0.0066 -0.0132 -0.0156
A         0.8000  0.6400  0.5120  0.4096  0.3277
R         0.5178  0.2663  0.1353  0.0672  0.0320
bc        0.7439  0.5859  0.4819  0.4084  0.3529
J         0.0000  0.0000  0.0000  0.0000  0.0000
Total computing time : 0h00m07s
Note: warning(s) encountered in MATLAB/Octave code
