Starting preprocessing of the model file ...
Found 17 equation(s).
Evaluating expressions...done
Computing static model derivatives (order 1).
Computing dynamic model derivatives (order 1).
Processing outputs ...
done
Preprocessing completed.
[Warning: Some of the parameters have no value (j, OMEGA) when using steady. If
these parameters are not initialized in a steadystate file or a
steady_state_model-block, Dynare may not be able to solve the model...] 

STEADY-STATE RESULTS:

Cu 		 -0.623866
Cc 		 -0.658874
Lu 		 0.039452
Lc 		 0.0741133
R  		 -0.0529372
bc 		 1.3817
Hu 		 -0.63011
Hc 		 -0.760428
q  		 2.25753
Wu 		 -0.623472
Wc 		 -0.658133
dp 		 -0.0629875
Y  		 0.0519301
C  		 0.0519301
x  		 0.189663
J  		 0.095
A  		 0
[Warning: Some of the parameters have no value (j, OMEGA) when using
stoch_simul. If these parameters are not initialized in a steadystate file or a
steady_state_model-block, Dynare may not be able to solve the model...] 

MODEL SUMMARY

  Number of variables:         17
  Number of stochastic shocks: 4
  Number of state variables:   4
  Number of jumpers:           4
  Number of static variables:  9


MATRIX OF COVARIANCE OF EXOGENOUS SHOCKS
Variables              e            u        n_inf       e_prod
e            2500.000000     0.000000     0.000000     0.000000
u               0.000000     7.840000     0.000000     0.000000
n_inf           0.000000     0.000000     1.000000     0.000000
e_prod          0.000000     0.000000     0.000000     0.002500

POLICY AND TRANSITION FUNCTIONS
                                   Y               C              dp              Cu              Cc              Hu              Hc               q               A               R              bc               J
Constant                    0.051930        0.051930       -0.062987       -0.623866       -0.658874       -0.630110       -0.760428        2.257535               0       -0.052937        1.381697        0.095000
R(-1)                      -2.374858       -2.374858       -0.222596        0.169109       -5.009461        8.657962       -9.863069       -0.133688               0        0.353244       -9.912361               0
bc(-1)                     -0.395029       -0.395029        0.002637        0.514509       -1.336971        3.371448       -3.840722        0.408031               0       -0.062414       -3.399711               0
Hc(-1)                      0.438921        0.438921       -0.002929       -0.571677        1.485524       -3.746053        4.267469       -0.453368               0        0.069348        3.777457               0
A(-1)                       0.025272        0.025272        0.063383       -0.072913        0.126954       -0.151832        0.172965       -0.058668        0.800000        0.023058        0.112907               0
e                          -0.027226       -0.027226       -0.000626        0.004730       -0.060321       -0.049197        0.056045        0.111859               0       -0.004544        0.062163        1.000000
u                          -0.004974       -0.004974       -0.000566       -0.000868       -0.009227        0.013283       -0.015132       -0.001361               0        0.001044       -0.016364               0
n_inf                      -0.347407       -0.347407        0.912901       -0.644034       -0.040212       -1.389005        1.582342       -0.611176               0        0.218285        0.957467               0
e_prod                      0.031590        0.031590        0.079229       -0.091141        0.158693       -0.189790        0.216207       -0.073335        1.000000        0.028823        0.141134               0


THEORETICAL MOMENTS
VARIABLE         MEAN  STD. DEV.   VARIANCE
Y              0.0519     1.5619     2.4395
C              0.0519     1.5619     2.4395
dp            -0.0630     0.9172     0.8413
Cu            -0.6239     0.8790     0.7726
Cc            -0.6589     3.3599    11.2892
Hu            -0.6301     4.1963    17.6092
Hc            -0.7604     4.7804    22.8525
q              2.2575     5.6481    31.9007
A              0.0000     0.0833     0.0069
R             -0.0529     0.3635     0.1321
bc             1.3817     4.6062    21.2170
J              0.0950    50.0000  2500.0000



VARIANCE DECOMPOSITION (in percent)
           e       u   n_inf  e_prod
Y      92.51    0.01    7.48    0.00
C      92.51    0.01    7.48    0.00
dp      0.47    0.00   99.53    0.00
Cu     18.73    0.00   81.25    0.03
Cc     99.97    0.01    0.02    0.00
Hu     83.38    0.02   16.60    0.00
Hc     83.38    0.02   16.60    0.00
q      98.23    0.00    1.77    0.00
A       0.00    0.00    0.00  100.00
R      45.42    0.01   54.55    0.02
bc     93.43    0.02    6.55    0.00
J     100.00    0.00    0.00    0.00



MATRIX OF CORRELATIONS
Variables         Y       C      dp      Cu      Cc      Hu      Hc       q       A       R      bc       J
Y            1.0000  1.0000 -0.1585 -0.0608  0.9627  0.3546 -0.3546 -0.8312 -0.0006  0.2681 -0.3882 -0.8716
C            1.0000  1.0000 -0.1585 -0.0608  0.9627  0.3546 -0.3546 -0.8312 -0.0006  0.2681 -0.3882 -0.8716
dp          -0.1585 -0.1585  1.0000 -0.7062  0.0414 -0.3241  0.3241 -0.1359  0.0063  0.5758  0.2058 -0.0341
Cu          -0.0608 -0.0608 -0.7062  1.0000 -0.3284  0.3962 -0.3962  0.3999 -0.0150 -0.8513 -0.2247  0.2691
Cc           0.9627  0.9627  0.0414 -0.3284  1.0000  0.2282 -0.2282 -0.8949  0.0035  0.4844 -0.3064 -0.8977
Hu           0.3546  0.3546 -0.3241  0.3962  0.2282  1.0000 -1.0000 -0.5094 -0.0062  0.1445 -0.9837 -0.5862
Hc          -0.3546 -0.3546  0.3241 -0.3962 -0.2282 -1.0000  1.0000  0.5094  0.0062 -0.1445  0.9837  0.5862
q           -0.8312 -0.8312 -0.1359  0.3999 -0.8949 -0.5094  0.5094  1.0000 -0.0020 -0.7221  0.6188  0.9902
A           -0.0006 -0.0006  0.0063 -0.0150  0.0035 -0.0062  0.0062 -0.0020  1.0000  0.0121  0.0038  0.0000
R            0.2681  0.2681  0.5758 -0.8513  0.4844  0.1445 -0.1445 -0.7221  0.0121  1.0000 -0.3200 -0.6250
bc          -0.3882 -0.3882  0.2058 -0.2247 -0.3064 -0.9837  0.9837  0.6188  0.0038 -0.3200  1.0000  0.6748
J           -0.8716 -0.8716 -0.0341  0.2691 -0.8977 -0.5862  0.5862  0.9902  0.0000 -0.6250  0.6748  1.0000



COEFFICIENTS OF AUTOCORRELATION
Order          1       2       3       4       5
Y        -0.1723 -0.0900 -0.0458 -0.0225 -0.0104
C        -0.1723 -0.0900 -0.0458 -0.0225 -0.0104
dp       -0.0530 -0.0309 -0.0181 -0.0106 -0.0062
Cu        0.5665  0.3198  0.1799  0.1007  0.0561
Cc       -0.1831 -0.1157 -0.0732 -0.0464 -0.0294
Hu        0.7354  0.5261  0.3689  0.2548  0.1739
Hc        0.7354  0.5261  0.3689  0.2548  0.1739
q         0.0167 -0.0083 -0.0164 -0.0169 -0.0146
A         0.8000  0.6400  0.5120  0.4096  0.3277
R         0.4746  0.2076  0.0770  0.0169 -0.0080
bc        0.7071  0.4916  0.3372  0.2290  0.1542
J        -0.0000 -0.0000 -0.0000 -0.0000 -0.0000
Total computing time : 0h00m16s
Note: warning(s) encountered in MATLAB/Octave code
